0000,ec00,00000000,00000000,00,01,09,09,0900,d800,
1800,1500,00000000,0000,00,00,00000000,03,00,00,00,00,00,00,00,
1800,2300,00000000,0000,00,00,00000000,03,00,00,00,00,00,00,00,
1800,2500,00000000,0000,c0,00,00000000,03,00,00,00,00,00,00,00,
1800,2b00,00000000,0000,f0,00,00000000,03,00,00,00,00,00,00,00,
1800,0120,01000000,0000,c0,00,00000000,03,03,00,00,00,00,00,00,
1800,0220,01000000,0000,c0,00,00000000,03,03,00,00,00,00,00,00,
1800,2400,00000000,0000,00,00,00000000,03,00,00,00,00,00,00,00,
1800,2600,00000000,0000,c0,00,00000000,03,00,00,00,00,00,00,00,
1800,2c00,00000000,0000,f0,00,00000000,03,00,00,00,00,00,00,00,
