0000,0401,00000000,00000000,00,01,0a,0a,0a00,f000,
1800,7f22,01000000,0000,e0,00,00000000,03,03,00,00,00,00,00,00,
1800,7720,01000000,0000,c0,00,00000000,03,03,00,00,00,00,00,00,
1800,7820,01000000,0000,c0,00,00000000,03,03,00,00,00,00,00,00,
1800,3021,01000000,0000,c0,00,00000000,03,03,00,00,00,00,00,00,
1800,2f21,01000000,0000,c0,00,00000000,03,03,00,00,00,00,00,00,
1800,9520,01000000,0000,c0,00,00000000,03,03,00,00,00,00,00,00,
1800,9420,01000000,0000,c0,00,00000000,03,03,00,00,00,00,00,00,
1800,1100,00000000,0000,00,00,00000000,03,00,00,00,00,00,00,00,
1800,1500,00000000,0000,00,00,00000000,03,00,00,00,00,00,00,00,
1800,1a00,00000000,0000,e0,00,00000000,03,00,00,00,00,00,00,00,
